# NEST version: HEAD@d3dd85a70
# RecordingBackendASCII version: 2
sender	time_ms
24	42.000
26	48.000
22	48.700
8	51.600
2	56.500
20	58.300
10	59.800
4	62.400
12	64.900
14	69.400
36	69.200
46	70.200
34	71.800
30	79.300
38	78.300
50	86.800
40	88.600
48	98.300
32	101.300
42	101.100
24	102.600
6	106.700
10	108.700
28	108.600
20	111.600
16	113.100
22	116.300
18	124.600
36	126.500
8	131.000
4	136.200
38	137.500
2	142.700
46	144.900
12	148.400
50	155.000
44	158.800
48	160.000
26	166.200
30	166.300
32	168.600
10	170.900
14	171.000
20	170.800
6	172.100
42	175.500
24	177.200
22	185.800
2	194.700
34	199.000
38	199.100
36	199.900
46	206.100
4	207.500
16	209.800
40	210.900
14	221.500
20	221.500
6	226.300
42	229.400
48	230.600
30	235.500
32	236.500
18	238.500
50	244.000
44	244.900
26	246.400
28	252.900
8	256.400
10	256.200
38	257.800
22	259.200
46	265.400
2	267.500
40	274.800
6	278.800
36	279.000
24	281.500
34	285.900
4	293.100
32	297.800
12	299.800
20	308.900
14	310.800
28	311.100
8	312.500
50	313.900
30	317.300
48	320.600
38	321.500
18	322.700
42	323.400
26	330.900
16	333.000
46	337.900
10	340.500
36	342.800
12	347.500
44	347.200
22	350.900
28	350.100
4	355.500
24	354.600
40	355.100
30	358.300
2	358.800
34	362.400
42	371.300
50	371.900
20	373.400
16	374.200
38	374.900
6	376.500
14	377.000
32	379.800
8	382.300
18	381.900
48	385.500
12	406.300
34	420.500
2	422.800
36	422.400
50	423.400
6	426.400
30	429.300
44	432.000
46	432.700
14	436.000
4	439.300
42	438.100
38	445.000
18	448.000
26	448.900
8	450.700
16	451.100
40	454.500
10	455.400
20	456.400
28	460.600
24	471.700
48	471.300
36	480.300
50	482.500
6	488.700
14	487.800
2	492.000
32	491.400
4	494.600
12	494.800
22	498.600
10	503.900
34	504.000
16	508.500
26	512.900
30	520.100
18	522.000
8	525.700
24	525.400
44	525.300
20	529.700
48	533.800
46	537.700
36	545.000
40	550.200
34	559.400
42	558.800
22	559.900
12	563.500
28	566.800
50	567.600
26	572.600
30	579.600
32	581.700
18	582.400
4	585.100
8	589.500
24	590.500
10	591.300
48	592.900
46	595.700
44	598.300
38	605.300
2	611.400
20	611.200
36	611.600
40	613.200
6	615.700
16	623.000
42	622.700
22	631.000
28	632.700
34	633.400
4	639.300
10	639.300
32	641.900
12	642.900
18	645.900
50	655.500
48	658.300
8	661.200
40	660.400
38	663.400
44	669.000
20	673.700
24	674.500
6	677.400
46	680.700
34	687.600
36	689.000
30	694.100
16	696.200
14	698.400
22	698.500
10	701.500
32	705.000
28	708.200
48	711.600
38	722.000
4	724.400
2	726.700
8	727.200
46	730.300
12	734.600
24	738.100
36	738.200
50	738.600
26	742.500
14	747.900
30	749.100
40	752.700
6	753.800
16	761.900
28	762.700
32	771.600
38	773.800
18	775.900
44	781.500
22	784.400
46	790.100
42	790.900
26	795.800
48	796.500
36	796.700
12	802.000
20	805.100
14	805.600
34	809.700
4	812.600
24	813.200
2	818.900
50	821.900
8	826.200
30	832.900
38	832.600
32	843.800
10	845.800
22	851.100
44	850.700
16	852.300
28	861.100
12	862.700
4	866.800
18	868.700
40	870.100
14	874.600
24	886.700
48	886.900
36	888.400
46	889.000
26	890.300
30	890.500
2	893.300
42	893.300
20	894.900
50	895.400
10	924.000
8	924.800
34	925.000
44	925.100
18	928.500
28	932.100
40	933.300
22	935.000
14	936.200
6	938.400
12	940.600
4	943.900
26	944.100
30	950.700
32	954.600
46	956.200
38	970.200
26	983.900
48	984.600
36	988.600
24	994.500
42	993.200
10	994.700
16	998.900
34	998.000
28	999.200
