# NEST version: HEAD@d3dd85a70
# RecordingBackendASCII version: 2
sender	time_ms
109	62.900
105	67.600
115	67.700
101	71.100
119	71.800
125	73.000
107	76.100
111	76.700
103	83.700
113	86.900
117	92.400
121	115.100
119	117.500
123	128.300
109	134.300
107	136.100
111	140.500
105	146.400
125	149.100
103	152.200
117	154.500
101	160.800
113	161.900
123	183.700
107	185.500
105	194.900
111	204.400
109	207.900
119	213.800
113	218.300
103	232.000
121	242.100
123	243.500
101	244.700
115	251.000
117	252.600
125	253.100
105	259.200
107	264.600
109	278.400
119	287.000
103	292.700
115	301.400
125	304.800
117	317.400
105	319.600
113	326.500
109	337.800
103	340.800
119	349.000
123	349.500
125	359.100
111	361.100
107	377.800
117	381.400
101	389.800
121	389.600
119	395.100
113	400.200
115	401.200
123	404.800
125	416.200
103	421.600
105	425.000
109	425.100
111	438.000
117	457.900
107	471.000
125	470.300
123	473.500
119	474.200
115	481.000
111	481.800
101	487.300
109	490.100
105	507.000
121	514.500
113	515.600
103	523.400
119	529.500
101	530.000
107	529.700
115	537.400
123	544.400
125	553.900
109	564.200
117	568.200
111	571.000
105	573.700
107	581.100
115	587.600
101	594.700
113	595.300
121	599.300
119	603.300
103	612.800
123	618.100
111	637.200
107	641.200
109	644.900
113	653.500
117	657.200
119	662.800
101	673.100
103	686.700
121	692.200
113	698.700
119	709.500
125	715.600
111	721.100
115	720.200
117	726.700
107	732.000
105	735.900
123	744.000
121	745.600
109	754.800
113	767.900
119	767.300
111	779.700
117	785.100
109	808.500
125	808.200
101	809.900
115	818.300
111	828.400
103	851.800
117	854.300
115	855.900
121	856.100
113	868.600
101	871.400
105	871.000
125	874.700
107	888.100
109	892.900
123	894.100
111	907.100
115	926.600
103	932.900
119	935.600
125	938.400
101	939.700
113	940.400
117	942.700
121	944.300
109	946.500
111	965.000
105	980.200
