# NEST version: HEAD@d3dd85a70
# RecordingBackendASCII version: 2
sender	time_ms
41	43.500
1	45.400
17	47.600
7	53.400
9	55.000
31	55.900
3	57.900
11	57.600
21	60.800
29	64.100
43	63.200
27	69.900
35	70.200
5	77.000
45	80.000
37	85.400
19	87.900
25	88.000
33	89.400
23	93.700
47	94.100
49	104.900
15	108.400
1	110.200
41	110.000
27	115.000
21	127.500
17	129.000
29	128.000
43	128.600
5	129.900
13	130.900
31	133.300
7	134.300
9	135.500
3	138.000
45	138.100
11	146.700
23	145.600
47	146.600
39	149.100
35	158.900
25	160.500
19	162.700
27	164.600
1	175.300
33	179.100
37	179.900
41	183.000
49	189.000
7	192.900
5	197.300
11	197.200
29	199.100
23	199.700
15	204.000
31	203.900
13	206.200
39	209.700
45	208.700
47	215.000
19	218.800
25	219.700
3	223.200
43	224.900
41	239.900
37	240.600
1	245.300
35	246.200
39	256.700
21	264.400
29	269.800
7	272.800
23	272.500
45	272.100
9	280.000
27	279.200
33	280.400
25	282.500
11	284.500
15	283.900
17	287.300
13	290.200
31	293.300
1	300.200
35	305.500
43	307.700
49	310.400
39	317.000
45	317.200
29	323.600
37	323.200
47	323.600
5	328.800
21	332.600
25	332.100
19	334.500
33	335.900
41	336.500
27	337.600
31	341.900
11	342.600
15	351.900
23	358.600
7	360.700
35	363.400
3	373.000
17	374.500
43	377.800
29	384.200
47	386.700
39	389.000
9	394.100
33	395.800
37	394.700
19	396.300
49	397.300
5	400.900
25	409.200
13	413.600
31	414.900
41	414.300
1	418.600
45	422.200
21	425.600
15	427.200
49	433.500
7	434.000
17	437.900
23	448.400
29	447.300
11	450.000
35	451.000
3	453.300
41	458.700
37	459.800
39	460.200
27	462.800
13	471.100
33	480.800
5	483.600
9	487.000
21	491.900
17	500.800
41	503.200
7	506.900
49	506.900
23	509.200
47	508.700
11	511.100
27	514.300
43	514.200
45	515.200
15	516.200
25	517.800
31	520.500
1	523.000
39	523.100
33	533.700
3	542.000
29	542.100
21	545.000
47	549.200
17	559.300
35	559.500
41	567.900
9	569.000
19	568.800
23	573.800
37	576.600
7	582.800
27	587.200
49	586.800
25	593.000
39	592.600
11	596.800
45	596.900
5	599.500
13	604.400
15	604.600
1	609.500
31	610.100
33	620.600
29	625.600
47	628.200
17	629.000
35	634.300
23	635.700
9	642.600
21	647.100
5	654.900
3	658.400
39	658.400
49	658.100
13	662.200
41	663.600
7	666.100
27	666.300
33	669.300
37	672.500
45	684.000
1	685.100
11	684.400
15	692.700
43	696.500
9	705.600
5	707.100
17	708.500
31	708.500
33	711.000
29	713.300
19	716.000
41	717.000
47	722.600
3	723.800
35	725.400
39	727.400
21	730.500
23	737.300
27	740.000
13	743.400
37	749.200
43	749.600
49	749.800
7	752.200
9	753.000
1	757.100
17	761.600
15	763.000
25	763.000
5	769.300
45	782.600
47	786.800
11	787.800
21	797.600
33	797.600
29	801.500
31	804.800
27	809.700
39	812.300
19	816.300
43	817.500
23	823.600
49	824.800
41	827.400
25	828.300
5	834.400
35	834.300
37	834.800
33	843.000
3	847.100
15	848.700
13	851.300
1	855.300
9	858.900
47	858.500
31	869.500
43	869.000
19	883.600
29	885.400
7	887.500
41	889.900
23	893.800
25	896.100
11	897.100
39	899.900
37	915.400
49	918.000
17	918.400
9	926.700
33	926.800
13	927.300
31	930.500
35	933.600
47	933.100
15	936.600
27	938.600
29	941.000
43	941.900
19	942.200
21	948.700
5	953.900
25	955.300
3	969.200
37	973.300
41	975.600
1	982.700
43	986.100
11	987.800
45	987.600
7	991.700
17	993.700
33	994.300
